0
0
1.78202e-05
0.000201702
0.000321752
0.000598437
0.000748557
0.000868828
0.00122105
0.00147639
0.00177691
0.00197188
0.00286999
0.00338216
0.00431414
0.0038437
0.00406052
0.00461684
0.00436786
0.00497873
0.00540693
0.00559509
0.00590464
0.00598169
0.00582402
0.0069801
0.00749032
0.00738279
0.00751462
0.00794658
0.00820824
0.0078909
0.00884877
0.00815392
0.00858476
0.0088575
0.00862977
0.00823908
0.0087244
0.0078728
0.00845657
0.00870102
0.00738896
0.00828702
0.00834526
0.00826015
0.00809527
0.00758359
0.00690242
0.00796906
0.00734228
0.00791617
0.00759734
0.00793907
0.00820373
0.00754424
0.00787889
0.007896
0.00707552
0.00758287
0.00776613
0.00848853
0.00759415
0.00794088
0.00783751
0.00792312
0.00717165
0.00757153
0.00669496
0.00739708
0.00694971
0.00740494
0.00761641
0.00736701
0.0065409
0.00640948
0.00646838
0.00680628
0.00665743
0.00723029
0.00631067
0.00621633
0.00655846
0.00589782
0.00577166
0.00660824
0.00588965
0.00683713
0.00602352
0.00602381
0.00621999
0.00569531
0.00584788
0.00568717
0.00575625
0.00562337
0.00586838
0.0050287
0.00569274
0.00482723
0.00516617
0.00573666
0.00586697
0.00451571
0.00503546
0.00525824
0.00597533
0.00570523
0.00550029
0.00478685
0.00455293
0.00477235
0.00525225
0.00486016
0.00472931
0.00475491
0.00485981
0.00517445
0.00477757
0.00457963
0.00433288
0.00441334
0.00433223
0.00410496
0.00477143
0.00395133
0.00397311
0.00421087
0.00396669
0.00368124
0.00368753
0.00370354
0.00408715
0.00409451
0.0043547
0.00366992
0.00372471
0.00394656
0.00354715
0.00337283
0.00373243
0.00366641
0.00380947
0.00338822
0.00306218
0.00360896
0.00318057
0.00276465
0.00347316
0.00324672
0.00342453
0.003213
0.00332118
0.0031035
0.00297221
0.00280832
0.0031246
0.00354924
0.00304454
0.00252347
0.00284521
0.00287315
0.00279613
0.00253443
0.00307248
0.00247721
0.00245288
0.0023079
0.00261083
0.00271281
0.00235803
0.00219249
0.00207997
0.00215071
0.00266684
0.00221902
0.00284317
0.00191524
0.00240761
0.00173267
0.00177673
0.00246234
0.0023267
0.00206851
0.00177665
0.00214429
0.00194249
0.00171839
0.0018906
0.00177403
0.00176259
0.00141601
0.00180907
0.00194952
0.00191404
0.0015755
0.0017927
0.00146612
0.00165379
0.00144927
0.00179631
0.0012419
0.00178205
0.00156082
0.00162512
0.00170458
0.00187964
0.00135167
0.00133391
0.00115219
0.0013822
0.00128289
0.00152337
0.0015209
0.00140465
0.00153582
0.000915646
0.0015428
0.00124529
0.000804724
0.00132228
0.00103404
0.000908868
0.000891934
0.00110521
0.000956849
0.000899186
0.000914743
0.00102177
0.00115758
0.00114126
0.000644891
0.000782074
0.00106528
0.000521902
0.000745147
0.00109547
0.000753573
0.000685593
0.000726174
0.000601106
0.000700798
0.000660513
0.000465713
0.000510386
0.000391112
0.000529959
0.000317402
0.000809286
0.000321229
0.000206554
0.000364698
0.000368454
0.000239976
0.000136664
0.000833087
