0.00761673
0.00855168
0.0108816
0.0122378
0.0120161
0.0125103
0.0140657
0.0141893
0.0148208
0.0136252
0.0149074
0.0149044
0.0148854
0.0138177
0.0156828
0.015797
0.0144865
0.0151266
0.0152473
0.0149341
0.0154399
0.0149275
0.0159838
0.0140791
0.0146592
0.0147248
0.0148789
0.0130639
0.0138471
0.0143631
0.0142777
0.0134457
0.0131799
0.01335
0.012514
0.0133622
0.0126938
0.0114906
0.0131412
0.0128966
0.0118133
0.0114807
0.0121312
0.0119692
0.0108458
0.010524
0.0111933
0.0105824
0.00990785
0.0100238
0.00988623
0.00976015
0.00891857
0.00921962
0.00936483
0.0084021
0.00877585
0.00843262
0.00858393
0.00700433
0.00762282
0.00677003
0.00733655
0.00675928
0.00680355
0.00648579
0.00678139
0.00635262
0.00537117
0.00570147
0.00548033
0.0054004
0.00506286
0.00543184
0.00502412
0.00406086
0.00460833
0.00443928
0.00454924
0.00373148
0.00423524
0.00386369
0.00405882
0.0034861
0.00341541
0.00345135
0.0029816
0.00338783
0.00291549
0.00281538
0.0029055
0.00277203
0.00268316
0.00268953
0.00245006
0.00229227
0.00229694
0.00242847
0.00229425
0.00251991
0.00208783
0.0019034
0.001956
0.00212002
0.00186008
0.00187174
0.00204923
0.00179271
0.00175832
0.00160749
0.00164295
0.00149235
0.00200804
0.00144488
0.0013292
0.00152972
0.00146193
0.00154151
0.00128717
0.00128472
0.00150005
0.00144506
0.00137823
0.00104213
0.0011711
0.00151179
0.00132306
0.00114848
0.00115711
0.0011194
0.001059
0.0011868
0.00106938
0.000898193
0.000962902
0.00084793
0.000939852
0.000810004
0.00083165
0.00089224
0.000803352
0.000737904
0.000868768
0.000663802
0.000627224
0.000492483
0.000731182
0.000681427
0.000534983
0.000490417
0.000516081
0.000499707
0.000641716
0.000579472
0.000412364
0.000502908
0.000540737
0.000589499
0.000521136
0.000461547
0.000478028
0.000549346
0.000477307
0.000532922
0.000421271
0.000432368
0.000572673
0.000437599
0.00033378
0.000253041
0.000350746
0.000265661
0.00024725
0.000330756
0.000418799
0.00032412
0.000245138
0.000167742
0.000280139
0.000316857
0.00017376
0.000279838
0.00023006
0.000274971
0.000181795
0.000218998
0.000141447
0.000157623
0.000127908
0.000101551
0.000124954
0.000139226
0.00012103
0.000203006
0.000138598
0.000158757
0.000133188
0.000103116
9.15202e-05
0.000131672
0.000138873
0.000102436
0.000119755
0.000118936
6.5231e-05
0.000117978
0.000150801
8.08012e-05
6.95605e-05
5.21992e-05
8.31909e-05
0.000105273
7.55921e-05
7.71915e-05
6.5544e-05
3.67885e-05
3.67885e-05
3.51617e-05
7.35771e-05
3.84153e-05
2.27238e-05
3.2459e-05
3.2459e-05
1.40647e-05
3.94913e-05
2.81294e-05
1.13619e-05
1.40647e-05
3.51617e-05
0
7.03235e-06
2.81294e-05
1.40647e-05
1.40647e-05
1.40647e-05
0
0
0
0
0
0
0
0
0
0
0
0
0
0
0
0
0
0
0
0
0