0
0
0
3.51617e-05
0.000182841
0.000354394
0.000835945
0.00119399
0.00164065
0.00170075
0.00214129
0.00230856
0.00287627
0.00310957
0.00395884
0.00357395
0.00381458
0.00429754
0.00369912
0.00411254
0.00450587
0.00445076
0.00499881
0.00559013
0.0054437
0.00645505
0.006964
0.00747115
0.00714015
0.00769517
0.00800637
0.00768132
0.00846703
0.00812766
0.0083662
0.00876696
0.00803416
0.00777252
0.00845782
0.0074773
0.00796468
0.00852611
0.00769723
0.00787887
0.00766293
0.00794983
0.0077304
0.00763411
0.0067965
0.00761702
0.0071173
0.00800246
0.00751474
0.00771178
0.00831431
0.00750183
0.0075886
0.00768183
0.00723507
0.00761104
0.0078463
0.00798961
0.00721903
0.0079138
0.00754075
0.00783846
0.00706656
0.00751146
0.00648906
0.00751408
0.00658029
0.00750831
0.00709937
0.00714473
0.00636301
0.00640996
0.00623218
0.0064068
0.00678768
0.0070948
0.00655443
0.0060444
0.00643802
0.00592833
0.00568207
0.00685566
0.00584621
0.00680168
0.006239
0.00596307
0.00609129
0.00582887
0.00579407
0.00584671
0.00584554
0.00568126
0.00574988
0.00521676
0.00584931
0.00497072
0.00533449
0.00589252
0.00581495
0.00428477
0.00501229
0.00547384
0.00625116
0.00580793
0.0056845
0.00481334
0.00461887
0.00486818
0.00531942
0.00493169
0.00478751
0.00483548
0.00487924
0.0052589
0.00494596
0.00468335
0.00450852
0.00451807
0.00440823
0.00424649
0.00492524
0.00409414
0.00409002
0.0044486
0.00412439
0.00383885
0.0038632
0.00389554
0.00426689
0.00431857
0.00448452
0.00384164
0.00386892
0.00413911
0.00371741
0.00351173
0.00392499
0.00381007
0.00404921
0.00354219
0.00320304
0.00377052
0.00343322
0.00288695
0.00359242
0.00346094
0.00356695
0.00337165
0.00353617
0.00331566
0.00309915
0.00294749
0.00327561
0.0037515
0.00324645
0.00265534
0.00301324
0.0030138
0.00289951
0.00268065
0.00324217
0.00262011
0.00256661
0.00235966
0.00271935
0.00283474
0.00250185
0.002426
0.00217229
0.00226147
0.00281395
0.00235351
0.0029663
0.00209874
0.00255503
0.00184519
0.0018533
0.00255468
0.0024533
0.00218399
0.00184717
0.00225827
0.00209422
0.00182107
0.00205172
0.00190864
0.0018844
0.00153945
0.00186041
0.0020386
0.00201554
0.0016755
0.00189096
0.00151711
0.00172321
0.00153963
0.00186546
0.00131809
0.00190064
0.0016563
0.00169168
0.00186649
0.00201306
0.00142153
0.0013922
0.00118284
0.00144736
0.00132108
0.00159584
0.00159436
0.00146986
0.00158646
0.000972087
0.00165989
0.00131482
0.000854406
0.00138813
0.00109075
0.000940442
0.000942385
0.0011718
0.000990763
0.000925057
0.000949475
0.00107888
0.00120118
0.00118974
0.000684814
0.000801122
0.0011151
0.000517337
0.000754012
0.00115378
0.000789099
0.000708597
0.000772289
0.000627129
0.000746327
0.00067847
0.000457855
0.000525537
0.000418087
0.000557164
0.000316781
0.000865408
0.000331232
0.000215068
0.000372769
0.00039664
0.000252598
0.000143414
0.000874721